8.70180365095511
0.9846585551702303
2.6708774237229163
2.9703694569535646
7.491217459065757
0.025207583860357152
4.87506655368324
8.434220445725323
4.297504484660047
9.81320737213504
4.592191404282417
5.691875487600942
1.0875802990825545
3.396665562156552
9.804070645535786
0.27092978768627707
9.129696242702433
4.129249384329166
8.914688301375406
5.953372319890349
1.9271253414624834
0.818682255662394
3.1026388176736774
0.9176383242975161
5.6668119346490755
0.2519355992446115
7.831755459171203
0.4360786095124336
9.84686291206351
6.335801192643771
4.352744171839817
5.605685704383435
6.5377770076916475
8.148073080083687
7.975915191017945
7.052813287139412
5.33582277332555
7.563703302644452
3.654867988210584
2.3280153566412887
2.4829905767713614
0.8019449132572332
0.9932508694702302
5.795019770500303
6.856460576386471
7.234625868329313
0.17148168553570708
0.2182430187158524
2.571545477598197
3.1023456783475813
7.487585158751396
9.966144660864169
7.7955795074176
7.404526631700992
4.216060671082039
6.773108643562853
2.0362437315767923
2.1608873005713902
5.310970750518945
0.3404295013170999
9.646331409915211
9.486051604136012
5.114193216590943
7.707374823967519
5.577973287623808
3.4756452532031457
5.677057875356354
7.286180767982476
0.5228593177516294
5.771371723450271
9.56334589458424
5.730234168279445
6.49100732375463
9.854202150662832
3.073898876353951
8.392580024331528
0.6091448611585837
0.6089508562476409
7.717850275850329
7.0322879486662435
4.46078921670943
2.510154154874421
7.452756128858875
1.6390972490653821
8.643620617801242
1.8983051478609814
6.725669963753829
6.772158082418159
7.385765282060279
6.24714118440637
9.669470389007127
6.646567107047204
6.041114223876878
6.066820464970252
3.9435142308222915
7.351795736181568
5.074827722517112
3.1444646353672634
3.6549589098557957
9.04899497356174
